Stock: GME

Location estimators:
KWA  =  0.001770232 
Qn  =  0.0006209115 
usual  =  0.0158741 
MCD.50  =  -0.002910387 
MCD.75  =  -0.0005458743 
HL  =  0.006442621 

Scale estimators:
KWA  =  0.04685995 
Qn  =  0.04836639 
IQR  =  0.04521854 
usual  =  NaN 
MCD.50  =  0.002058744 
MCD.75  =  0.002138996 
HL  =  0.03643921 

AIC:
KWA  =  1065.335 
Qn  =  1049.543 
usual  =  NaN 
MCD.50  =  4267.555 
MCD.75  =  4220.906 
HL  =  1207.913 

BIC:
KWA  =  1075.911 
Qn  =  1060.119 
usual  =  NaN 
MCD.50  =  4278.131 
MCD.75  =  4231.482 
HL  =  1212.963 

CvM p-value:
KWA  =  0.4282398 
Qn  =  0.4059403 
MCD.50  =  0 
MCD.75  =  6.73864e-05 
HL  =  0.1951765 